
1766072292 1766063341
1766081883 1766063341
1766105751 1766103929
1766125125 1766109695
1766146923 1766135177
1766168223 1766155902
1766170090 1766169348
1766170150 1766169348
1766170221 1766169348
1766170304 1766169348
1766170952 1766169348
1766171357 1766169348
1766171481 1766169348
1766194924 1766189036
1766212375 1766208135
1766234447 1766228345
1766255297 1766253766
1766282012 1766267759
1766298763 1766287872
1766320895 1766305741
1766341803 1766332576
1766368376 1766365528
1766385447 1766384283
1766407567 1766406619
1766428409 1766407704
1766454515 1766442047
1766471776 1766458170
1766494070 1766478026
1766514809 1766513327
1766540809 1766525200
1766558185 1766546982
1766580332 1766576858
1766601141 1766587767
1766627341 1766622223
1766644545 1766642028
1766666689 1766663291
1766687498 1766683815
1766713692 1766711360
1766730902 1766726072
1766753081 1766746055
1766773915 1766761744
1766799950 1766799575
1766817212 1766806752
1766839334 1766834832
1766860223 1766846037
1766887129 1766881720
1766903621 1766900369
1766925780 1766923964
1766946683 1766943654
1766973436 1766969069
1766990268 1766982392
1767012561 1766993970
1767033172 1767014184
1767059360 1767050486
1767076562 1767074967
1767098879 1767077651
1767119621 1767116070
1767145780 1767135630
1767162985 1767154492
1767185185 1767154492
1767205919 1767197764
1767232789 1767218078
1767249381 1767236883
1767271571 1767255789
1767292338 1767284686
1767318661 1767312722
1767335762 1767328400
1767357858 1767356260
1767378725 1767368991
1767404718 1767386325
1767422018 1767419057
1767444149 1767422751
1767465038 1767445750
1767492028 1767474372
1767508449 1767502202
1767530568 1767510225
1767551487 1767544821
1767578439 1767565733
1767595299 1767584791
1767617465 1767584791
1767638132 1767634980
1767664258 1767662975
1767681434 1767679767
1767703744 1767697783
1767724459 1767697783
1767750639 1767731916
1767767813 1767749122
1767790204 1767775765
1767810953 1767800448
1767837069 1767822515
1767854211 1767851584
1767876617 1767864089
1767897098 1767884714
1767923499 1767904013
1767940612 1767923300
1767962946 1767958846
1767983697 1767972181
1768009680 1767992529
1768026767 1768012090
1768048966 1768047212
1768069905 1768055697
1768096824 1768077332
1768113278 1768097654
1768135409 1768131610
1768156279 1768140273
1768183006 1768180811
1768199958 1768198448
1768222304 1768220961
1768242934 1768232175
1768268909 1768266037
1768286202 1768266037
1768308702 1768301391
1768329225 1768301391
1768355735 1768336375
1768372613 1768357588
1768395078 1768357588
1768415768 1768396558
1768441847 1768430248
1768458982 1768451581
1768481422 1768470621
1768502347 1768470621
1768528356 1768511361
1768545419 1768541690
1768567764 1768556227
1768588518 1768573485
1768614404 1768595009
1768631587 1768595009
1768653752 1768632756
1768674650 1768667438
1768701531 1768688973
1768718026 1768708783
1768740153 1768708783
1768761005 1768757363
1768787822 1768780575
1768804875 1768801106
1768827218 1768813225
1768847698 1768840747
1768873930 1768862912
1768891140 1768877864
1768913643 1768898945
1768934346 1768918821
1768960512 1768918821
1768977547 1768973519
1769000031 1768994908
1769021125 1769014517
1769046926 1769034690
1769063885 1769063199
1769086421 1769081877
1769106944 1769081877
1769133122 1769124144
1769150235 1769144408
1769172695 1769171912
1769193382 1769191068
1769219328 1769217197
1769236469 1769217197
1769258614 1769239728
1769279527 1769261016
1769306553 1769296058
1769322900 1769316254
1769345163 1769332854
1769365926 1769359813
1769392908 1769375304
1769409591 1769400755
1769431963 1769428372
1769452735 1769448061
1769479111 1769461031
1769495894 1769482344
1769518470 1769500990
1769539258 1769537264
1769565276 1769559894
1769582334 1769559894
1769604855 1769601000
1769625602 1769607281
1769652507 1769645318
1769669477 1769645318
1769691672 1769666662
1769712671 1769703371
1769738929 1769719370
1769755977 1769739745
1769777946 1769776486
1769798701 1769782160
1769825105 1769804112
1769841713 1769824385
1769863884 1769844155
1769884517 1769881355
1769913210 1769893528